<?xml version="1.0"?>
<opencv_storage>
<camera_matrix type_id="opencv-matrix">
  <rows>3</rows>
  <cols>3</cols>
  <dt>d</dt>
  <data>
    1.9751717832407478e+03 0. 9.5914988753104728e+02 0.
    1.9763761611715706e+03 5.3298800872556296e+02 0. 0. 1.</data></camera_matrix>
<distCoeffs type_id="opencv-matrix">
  <rows>1</rows>
  <cols>5</cols>
  <dt>d</dt>
  <data>
    -5.2688889526551850e-03 4.8816382939335196e-01
    -2.1837972618541303e-03 6.8390068358382473e-04
    -1.5045903633727935e+00</data></distCoeffs>
</opencv_storage>
